1939
3950
4638
4123
4871
5460
7422
8110
8468
9429
9844
10079
9146
9648
9891
10599
12172
11867
12376
12617
13182
14488
14975
15308
16089
16779
16254
30668
18676
18257
19096
19496
20500
20939
21542
21247
21815
22099
22754
24107
24807
25679
25241
26547
27420
28380
27901
28882
28463
30826
29984
46849
29650
30922
32664
32880
81762
32099
34179
36499
34257
35433
34699
37503
35865
37667
39502
39758
39165
40488
41222
42294
41144
43132
44375
43934
44718
44990
44674
45146
43970
46983
48002
53649
49375
49282
47001
50967
51072
55111
49893
51074
85200
50807
66927
51910
56648
66794
58706
59961
58449
59951
61310
60191
73910
62757
62494
61730
63935
73312
61126
64265
64600
78359
67002
67546
79347
64775
70040
70094
79125
66676
69430
78126
70632
84724
70394
73853
73439
85370
76516
76252
78116
78126
77700
76080
77730
79815
76968
80752
79061
82512
83331
81136
78948
84840
123382
85841
85497
86028
84040
83413
164043
100565
87474
87336
87060
86882
86806
100173
93632
89853
90899
91328
95436
96265
95575
108575
106910
97088
95971
109848
96227
99858
102946
95477
98651
113003
100136
115098
178860
100629
99925
115140
99321
105123
106135
118965
105112
108558
105676
106999
120116
113220
112282
121421
163117
111923
114010
