2120
25359.3333333333
35315
42375
48816.3333333333
66366
62921.3333333333
72500.6666666667
74565.6666666667
80022.6666666667
94656.6666666667
85779.6666666667
88342
97791.6666666667
101983.333333333
103277.333333333
112357.666666667
111223
121187.666666667
122467
120339
124441.333333333
192042
131800
141758
137468
180065.333333333
139696.666666667
148332
258222.666666667
158985.666666667
187875
163517
159148.666666667
163603.666666667
162427
232932.333333333
164784
223288.333333333
169663.333333333
169264.666666667
180726.333333333
172250.666666667
176443.666666667
201478.666666667
183623.666666667
180915.666666667
183392.666666667
187889.666666667
250356.333333333
184202.666666667
187165
190335.333333333
196290
194909.333333333
278256.666666667
192071.333333333
197218.333333333
204650.333333333
193013
206316
199447.666666667
198996.666666667
200594.333333333
262874.333333333
210375.333333333
207458
211347.666666667
211350.666666667
208109.666666667
208943
204455
212793.333333333
213926.333333333
219736.333333333
224168.666666667
218831
218813.333333333
224990
222651.333333333
219744.666666667
311562
226821.666666667
229735.666666667
241685.333333333
230021
232783
234961
236031
239045
251990.666666667
236163
231500.666666667
237103.333333333
232813
244653
249186.666666667
241690.666666667
241084.333333333
245359.666666667
246411.666666667
245482
248318.333333333
256143
251432.333333333
251464
258506
255700.333333333
259786.333333333
257765.333333333
263659.666666667
264702
256965.666666667
268840.666666667
399125.666666667
271001.333333333
271280.666666667
402861.333333333
268154.333333333
275014
279836.333333333
271415
282059.666666667
278160.666666667
275471.333333333
280383.333333333
268734.333333333
551982
285718.666666667
288433
286072
431284.333333333
288856.666666667
279274.333333333
409942
291263
310776.666666667
302016.666666667
302608.666666667
306849.333333333
300789
315137
504313
298966.333333333
303899.333333333
307668.666666667
308192
301660.666666667
311511.666666667
310456.666666667
315968.666666667
314623.666666667
325594.666666667
311748.666666667
329464.333333333
468120.666666667
320511.666666667
473384
319832.666666667
320395
320699.666666667
438746.333333333
319601.666666667
324498
322147
320076
331182.333333333
329855.666666667
325416.333333333
339432.666666667
322437
343408
336339.333333333
329552
378386
337167
339975
332780
533861.333333333
351536.333333333
418222.666666667
348298.333333333
343708
341575
350651.333333333
364212
350395.333333333
356639.666666667
361563.333333333
368376
351132
354278.333333333
352424
349045
361659
374283
385139.333333333
397372.333333333
491911.666666667
508473.666666667
437146.333333333
555102.666666667
384087
364568.666666667
453591.333333333
633814.666666667
671249
383834
389279.666666667
370966.333333333
371578
387569.666666667
392154.666666667
390340
621993
394990
394746.666666667
400808.333333333
392816
404796.333333333
399130.333333333
396071
396625.666666667
522836
587113.666666667
676619.666666667
404875
403446
410170
446966.666666667
407743
400770
583642
675796.333333333
448332.333333333
470258.666666667
408361.333333333
413851
417770.333333333
426453.333333333
442443.333333333
422552
430338.333333333
435462
433847.333333333
437054
436935
513385
614250.333333333
426270.333333333
