1817
24615
35924
41501
48905
59130
61995
66162
74916
80576
83883
85151
86433
96140
99037
104534
108860
111979
116523
118610
120397
118872
131919
132446
147549
134932
140884
137144
150312
169785
160547
155016
160304
155934
164078
166015
162343
163106
181279
172765
167655
176527
171957
174591
176349
182955
178659
187055
189373
182058
184957
186802
189418
196328
195264
198817
190736
198324
203293
195138
205060
202749
204536
202308
194790
209507
212350
212662
214261
205929
209335
208659
210727
217985
219980
221792
222044
222515
223837
227676
218279
230350
229484
231176
233762
226171
234080
236308
237783
239117
244222
236274
227292
236559
227337
241182
249609
239425
241771
251170
251184
242948
249976
259964
257157
252148
252041
261107
259939
254250
264239
267900
251439
268391
259564
270609
271161
278415
265671
278215
277346
276393
281199
280746
273578
282753
273834
273180
285315
284729
288580
290588
290547
282108
286528
294097
295477
301003
300223
307872
300970
294694
312435
304568
309061
306971
308093
296837
310175
312969
324761
313629
303946
305546
310262
318930
324817
320097
322008
322527
323769
330530
315992
329140
318259
319234
332813
332653
322604
324203
324203
345376
331213
327374
341760
333816
344405
332493
379176
352092
339755
349327
337997
340800
353015
360947
359145
357383
358486
346655
348186
362508
351655
341882
367637
373692
370766
368646
371613
384767
372193
373207
385754
364825
391112
383391
399085
381861
385741
370255
370674
386504
398367
390038
394498
397592
398871
399115
396121
404064
399320
401796
400238
405905
403018
411652
403901
405435
409177
413517
408408
396225
423704
412572
414352
415786
416923
403741
424544
437405
433973
422635
430426
432866
432750
443202
430119
446110
438012
430305
