725.609399057096
1575.41433703434
1367.31232715865
1950.82315959187
1019.89476581328
16901.6443282895
3906.75342622661
11100.3569912563
1568.13020292747
1568.97078791587
19933.8847276022
2104.63900309135
3369.0311663741
5912.1429560975
7203.54720490769
2396.37921317419
14079.2046768748
7028.56002321955
9008.5537315006
8887.11409851364
1862.67737410428
10204.7613560207
106595.462046937
2682.97651871946
11637.5797741627
7177.28089181411
92236.2861640327
5664.21268433075
8753.5910345412
172847.311001165
6889.00183867978
60605.7093102622
9200.36178636471
9007.99924141501
7929.14789453024
10912.7370077355
123285.896717075
3175.96268869771
80518.8215657267
7544.85270454854
5615.28541868829
8155.72193820592
821.840819948324
3530.62392975142
43873.5937704371
2051.42885163813
4356.01392712803
7710.07589672977
7752.17603859286
122491.50873564
6533.24301808323
6361.2725928072
3815.61912844211
1286.42100418176
10768.3813701658
143912.613388588
7690.44506731134
2764.61865965875
11240.6319365654
10053.3721208359
15298.717331855
7926.57242024151
11672.3622859014
8056.37215707749
119219.099310192
2111.91958495899
9013.69424819813
5479.03680707963
5475.12468655585
4731.24976442095
6535.8225955116
8248.92817279918
4780.10003382077
7299.93050195228
1955.91675010296
4344.50046994281
9640.78093309873
7366.60086697612
8480.49049289014
8975.40842153344
6956.28452072896
142102.467385334
4865.48603259051
3275.32171447834
21209.6480247394
7007.97909528846
2940.48686444949
3495.87285237893
12434.9142337211
1034.88018630178
18289.4009014329
4335.56582235814
9786.08094863993
8543.51533815755
9647.98092867104
9365.98371768817
1034.3260285487
11170.1811235688
9685.27347746739
10417.3769411178
8797.72108749381
12459.7789707522
8090.87759970038
16246.0752491179
11012.1181129396
10322.0112865662
12563.9732966924
9755.17284999776
5947.46974211163
11706.7754882945
8836.25510798174
6118.6876860974
10492.2639279296
1887.1174667554
242618.716038836
10965.7651047856
308.432056267395
228985.411798074
5750.31280308588
5756.02128210103
5515.62982199978
10862.1481761206
4887.17304106713
15695.5148476669
5705.67772778426
4982.73321916128
9203.39613041476
231414.976723634
6741.57001990881
7171.40906656426
15806.9350919146
262992.754068117
6420.60529337642
5124.32945206818
215861.097660046
5489.24102221792
37073.1149262283
5393.42213565129
6080.27929731302
8518.16701722462
8225.99361779475
37082.6328488148
349760.161236239
10845.9071696808
17435.2762620308
11206.7990226172
547.257708945246
16525.2217030009
23588.4210648643
18604.1639514742
15838.8533781121
19104.4300185411
43572.737638727
21697.4489130251
47956.1527265619
277144.502904772
10546.0962603863
274351.977556204
7989.28985162845
7828.83976078193
6797.28926362071
190755.709121204
6562.84544487628
16802.0153255495
7097.5285839509
11451.2404131605
13647.2627780568
18263.3843888074
8325.70695696968
36317.123596636
4409.71234889533
5345.9570705347
13021.6662656257
12504.0826932646
74671.6673645366
13050.2625644084
8212.23453147802
12071.0591498841
275157.015695281
3763.39345980902
149523.65680498
3153.44911697229
10262.8795666713
1540.40611528259
9111.4187881654
23655.1025996507
15958.2417682317
3478.0932036582
6756.78668697876
37640.9297573798
16398.6825080553
14408.6281905438
17699.0339566881
15113.2779038831
18970.1044541141
7212.68264933374
40269.1537325201
70794.5887079891
209015.858973269
224237.741322315
122745.9784976
335277.041096365
6979.43973396146
12481.4742852491
110530.753554535
437277.709443705
494726.018187845
27683.2815431986
22305.5252646812
14225.3449987455
11689.246382894
16089.9896312376
17193.8955543336
15141.25899653
398555.142783279
30186.2254513545
14388.8629270465
7419.3707504972
10829.5821249021
7575.09645703164
8803.03256459576
20456.4239543474
22865.5169268778
219177.580087472
323909.423827609
477748.15151535
15364.1722198106
4535.34022979533
3471.6954071462
88274.9598262913
25528.9967487953
13290.7147663322
299192.518093284
487034.897415302
84084.2364081005
118516.430461491
17618.6522848183
17944.0420195674
22905.4129483258
31589.9004166416
26135.0731840057
337.249166047894
536.895085964971
6113.39815487262
7840.80316889369
17558.7087224545
41530.6305393983
129496.143066116
310584.574830002
7667.43283852773
