1729
25851
35074
43139
50528
56488
68232
71972
73335
77339
81090
86096
89431
95762
96472
104482
111945
113737
117172
114678
118131
128062
129496
132971
136509
140072
142038
152389
144663
146122
154252
159194
162472
156069
157177
159764
168238
164155
172625
173274
175661
172239
178866
173069
180504
182755
184198
185808
188914
189456
188111
186061
186163
194615
209247
196130
203252
200507
209571
200548
204092
206034
205745
208319
199439
200773
204144
203162
441427
213843
215126
210500
218901
219700
220402
222816
222924
218336
216741
219038
219622
337338
219553
232298
223846
238767
236157
226486
228612
231515
241132
232709
465143
244277
243861
237021
250019
248395
249374
254077
