133
422
545
649
736
917
1143
1477
1485
4797
1851
1970
2144
2415
3144
3044
3326
3524
3869
4163
4451
5030
5370
5737
6982
6446
6684
7368
7319
7788
8368
8803
11256
9723
10124
35005
11507
11789
12403
13043
13516
43082
43732
15265
16016
16420
17169
17972
23356
19514
20111
20601
20982
21828
22833
28389
23696
25778
76629
27893
26653
27619
28438
35135
30855
31579
32564
33572
34070
85871
35697
36743
37204
37943
38687
39652
40686
41738
43734
44628
47486
45816
46974
47937
49213
49941
62108
52082
53130
55103
56657
57537
57750
58938
59877
61119
77296
64053
65245
178188
67550
68276
69354
71265
72239
72945
75195
76713
78399
80439
82738
83330
84357
85269
95972
88236
89709
268420
90904
92502
94035
95787
96276
107031
99354
301876
131207
104340
106294
107964
109741
111491
120438
114612
116218
125093
120330
125493
122952
123989
125797
127618
318639
131495
132915
134663
136270
138463
139673
141241
143499
144214
146752
147794
149950
152207
154412
155952
157438
156393
388868
222857
164654
167041
168678
170777
184240
175586
204577
187054
181886
184189
186813
187775
190484
192422
194875
196971
596666
201133
202875
205177
227888
233620
209872
211844
217014
219062
222035
223416
234564
727451
228499
230476
238469
247477
248658
241431
243144
735364
