153
532
491
636
750
1445
1063
3604
1395
1560
1855
2042
2288
2468
2871
3074
3329
3567
3946
4212
4639
5101
5308
5663
5794
6206
6849
7133
7502
7812
8306
8785
9271
9833
10938
11688
13159
14987
12355
13219
16429
14008
14324
15749
47697
16643
17488
18073
18857
18952
19624
20612
21241
21898
22563
23104
23742
24229
26004
64466
81184
28104
29126
29667
30986
30568
31540
32188
32913
35113
35505
37235
37252
94086
39211
39970
40567
42148
43127
43835
44937
145044
47229
50005
51120
49542
50552
51792
53128
54088
55664
56238
58199
177803
60328
61405
141228
186578
65169
66349
67959
155081
70339
71599
72983
77143
74485
76080
86698
79436
80651
82208
83772
83653
256128
87153
87411
88998
104346
93160
94570
95453
96948
99065
100477
102401
102478
104626
106184
107746
111294
378895
134841
113470
115434
117983
119001
119909
121570
123633
124474
126715
128284
129972
133326
134941
137169
137493
145065
142386
150715
146271
147908
148311
155498
454814
153935
155344
156675
158830
160805
162916
164539
167368
170083
171673
173592
176229
183955
181340
182574
185185
185763
187890
197088
191168
193646
202096
198815
211152
201819
211257
208510
629663
243687
214763
215921
216871
220907
222115
663252
226516
229066
230873
233458
238330
241524
242757
244122
790050
