2948
27169
35924
44610
48905
85681
67208
85318
75929
80576
83883
88127
92232
96140
99037
104534
127856
117843
131572
118610
122172
136219
129090
134101
149364
145569
285424
146188
155926
457394
164960
257814
173893
169323
171285
171094
375289
168447
316124
172765
175509
175526
171616
180515
252139
185926
178151
188589
189373
182058
190326
193700
194526
196328
195264
444380
200342
199259
203293
201834
222204
202749
206868
207656
400534
209507
212350
212662
214261
205929
215274
209755
209394
218295
221559
229183
222044
222515
223837
227676
227317
230350
229775
232044
265716
238110
234080
230992
237783
239117
238868
240442
242687
245906
243953
237518
249943
253820
250408
251170
251792
259014
249976
259964
257157
252148
250491
261555
259939
270827
264239
267900
269066
267219
679277
282158
271050
278415
274729
278215
276005
278896
277660
292403
281883
283739
274259
285140
292653
296699
288580
734696
290547
282108
284105
284936
295477
301003
300223
307872
308923
294694
292487
305866
309061
306971
307701
296837
310175
312969
324761
313629
375752
335872
384046
318930
324817
320097
322008
326937
323769
330530
327177
338491
330339
331925
343941
346559
334784
324203
325690
337357
351144
343002
341760
351566
345021
344992
370859
347526
339755
349327
355556
340800
358348
360947
360065
359686
369311
411840
368804
362686
370495
366408
367637
367384
370766
368646
370860
384767
360525
373207
385754
376920
388450
379319
399085
381861
413143
370255
370674
372039
398367
375352
394498
397592
398871
394382
380719
397614
399320
413055
417470
405905
403018
411652
390021
398256
409177
413517
408408
396225
928811
412572
414352
415786
420063
403741
424544
437405
433973
422840
429763
432866
432750
443202
430119
431373
438012
417428
